CO, Alcohol, CO2, Toluene, NH4, Acetone
20.70, 5.06, 9.50, 2.34, 12.26, 1.93
22.51, 5.41, 10.09, 2.52, 12.93, 2.07
26.64, 6.20, 11.41, 2.92, 14.37, 2.39
30.50, 6.92, 12.59, 3.29, 15.65, 2.69
39.06, 8.45, 15.07, 4.09, 18.28, 3.32
35.12, 7.75, 13.95, 3.72, 17.09, 3.03
37.71, 8.21, 14.69, 3.96, 17.88, 3.22
43.36, 9.19, 16.26, 4.48, 19.52, 3.63
34.65, 7.67, 13.81, 3.68, 16.95, 3.00
51.59, 10.57, 18.45, 5.21, 21.77, 4.22
63.05, 12.43, 21.34, 6.21, 24.69, 5.01
75.91, 14.44, 24.43, 7.31, 27.74, 5.87
98.99, 17.90, 29.63, 9.22, 32.78, 7.36
128.93, 22.16, 35.90, 11.62, 38.69, 9.23
150.87, 25.16, 40.24, 13.33, 42.71, 10.56
152.96, 25.44, 40.65, 13.49, 43.08, 10.69
166.02, 27.18, 43.14, 14.49, 45.35, 11.46
234.62, 35.94, 55.47, 19.62, 56.36, 15.41
224.30, 34.65, 53.69, 18.86, 54.79, 14.83
258.10, 38.81, 59.46, 21.32, 59.84, 16.72
282.64, 41.77, 63.52, 23.09, 63.35, 18.07
297.01, 43.48, 65.85, 24.11, 65.36, 18.85
313.90, 45.46, 68.55, 25.31, 67.67, 19.77
417.15, 57.20, 84.29, 32.46, 80.90, 25.21
393.30, 54.55, 80.76, 30.83, 77.96, 23.98
606.01, 77.34, 110.58, 45.00, 102.29, 34.71
750.11, 91.88, 129.13, 54.24, 116.95, 41.66
891.91, 105.68, 146.45, 63.11, 130.39, 48.31
1158.44, 130.53, 177.11, 79.33, 153.67, 60.43
1406.04, 152.63, 203.89, 93.99, 173.55, 71.32
1707.28, 178.54, 234.79, 111.39, 196.06, 84.21
1972.82, 200.66, 260.81, 126.41, 214.69, 95.30
2344.91, 230.71, 295.71, 147.04, 239.30, 110.49
2721.33, 260.19, 329.51, 167.50, 262.76, 125.50
3143.88, 292.36, 365.96, 190.05, 287.70, 141.99
3576.11, 324.42, 401.89, 212.72, 311.95, 158.54
4115.76, 363.42, 445.12, 240.56, 340.74, 178.80
4466.11, 388.21, 472.36, 258.38, 358.68, 191.75
4292.42, 375.97, 458.93, 249.57, 349.85, 185.35
4368.84, 381.36, 464.85, 253.45, 353.75, 188.17
6000.52, 492.79, 585.47, 334.58, 431.79, 246.88
6223.00, 507.50, 601.18, 345.41, 441.78, 254.70
6357.38, 516.33, 610.58, 351.93, 447.75, 259.40
6690.88, 538.10, 633.71, 368.03, 462.36, 271.00
7375.57, 582.16, 680.22, 400.78, 491.54, 294.56
9018.23, 684.82, 787.28, 477.88, 557.71, 349.86
9518.28, 715.33, 818.78, 500.99, 576.94, 366.40
12081.35, 867.26, 973.75, 617.23, 670.17, 449.34
14097.62, 982.41, 1089.37, 706.48, 738.39, 512.78
15687.22, 1070.96, 1177.35, 775.71, 789.65, 561.87
17691.33, 1180.17, 1284.88, 861.76, 851.59, 622.76
20621.64, 1335.70, 1436.32, 985.45, 937.65, 710.03
23590.12, 1488.97, 1583.83, 1108.51, 1020.30, 796.63
26546.25, 1637.95, 1725.76, 1229.15, 1098.85, 881.32
29108.02, 1764.48, 1845.30, 1332.34, 1164.31, 953.61
36496.82, 2118.22, 2175.12, 1623.98, 1342.08, 1157.29
37576.20, 2168.67, 2221.70, 1665.93, 1366.88, 1186.51
44221.43, 2473.52, 2500.89, 1921.05, 1514.09, 1363.92
54689.10, 2936.59, 2918.56, 2313.54, 1730.25, 1635.86
54900.40, 2945.75, 2926.76, 2321.36, 1734.45, 1641.27
59528.79, 3144.77, 3104.13, 2491.73, 1824.91, 1758.97
64791.83, 3367.50, 3301.31, 2683.47, 1924.65, 1891.23
69305.79, 3555.76, 3466.97, 2846.36, 2007.82, 2003.43
73564.11, 3731.21, 3620.55, 2998.82, 2084.45, 2108.31
78233.38, 3921.36, 3786.20, 3164.73, 2166.61, 2222.31
88990.45, 4351.41, 4157.93, 3542.39, 2349.23, 2481.32
92124.84, 4474.79, 4263.89, 3651.33, 2400.87, 2555.92
97596.96, 4688.28, 4446.55, 3840.42, 2489.49, 2685.29
100261.34, 4791.39, 4534.47, 3932.00, 2531.96, 2747.90
108911.36, 5122.61, 4815.62, 4227.29, 2667.06, 2949.55
120384.57, 5554.25, 5179.32, 4614.49, 2840.24, 3213.50
121316.23, 5588.94, 5208.43, 4645.73, 2854.03, 3234.77
126085.02, 5765.73, 5356.48, 4805.14, 2923.99, 3343.28
130791.38, 5938.95, 5501.10, 4961.72, 2992.08, 3449.78
136464.13, 6146.16, 5673.54, 5149.53, 3072.95, 3577.43
113405.48, 5292.68, 4959.28, 4379.54, 2735.67, 3053.40
151765.86, 6697.07, 6129.24, 5651.39, 3285.10, 3918.03
157144.75, 6888.14, 6286.40, 5826.27, 3357.76, 4036.55
168167.50, 7275.84, 6603.97, 6182.35, 3503.83, 4277.65
167192.58, 7241.75, 6576.12, 6150.98, 3491.06, 4256.42
158673.16, 6942.20, 6330.79, 5875.83, 3378.24, 4070.13
138588.38, 6223.32, 5737.60, 5219.60, 3102.92, 3625.03
80833.02, 4026.28, 3877.25, 3256.56, 2211.55, 2285.35
39368.23, 2251.84, 2298.23, 1735.25, 1407.47, 1234.77
28824.55, 1750.59, 1832.22, 1320.98, 1157.17, 945.66
25523.37, 1586.78, 1677.17, 1187.61, 1072.06, 852.18
25423.18, 1581.75, 1672.38, 1183.53, 1069.41, 849.32
25523.37, 1586.78, 1677.17, 1187.61, 1072.06, 852.18
25876.98, 1604.52, 1694.03, 1202.00, 1081.36, 862.27
26442.22, 1632.77, 1720.85, 1224.94, 1096.14, 878.37
29051.10, 1761.70, 1842.67, 1330.06, 1162.88, 952.02
30210.03, 1818.25, 1895.83, 1376.38, 1191.81, 984.42
31907.93, 1900.35, 1972.70, 1443.84, 1233.45, 1031.58
34360.89, 2017.51, 2081.83, 1540.51, 1292.19, 1099.08
35036.26, 2049.48, 2111.49, 1566.97, 1308.09, 1117.54
38387.46, 2206.41, 2256.47, 1697.36, 1385.34, 1208.40
40139.27, 2287.39, 2330.87, 1764.95, 1424.72, 1255.44
44824.47, 2500.73, 2525.64, 1943.96, 1527.03, 1379.82
46682.23, 2584.12, 2601.31, 2014.28, 1566.48, 1428.62
51913.79, 2815.62, 2810.13, 2210.47, 1674.56, 1564.56
57278.65, 3048.40, 3018.39, 2409.12, 1781.27, 1701.92
63312.34, 3305.25, 3246.34, 2629.77, 1896.93, 1854.21
72580.37, 3690.86, 3585.29, 2963.70, 2066.90, 2084.16
86793.44, 4264.43, 4083.05, 3465.74, 2312.63, 2428.81
97973.23, 4702.88, 4459.00, 3853.37, 2495.51, 2694.15
107453.61, 5067.16, 4768.68, 4177.74, 2644.58, 2915.74
120384.57, 5554.25, 5179.32, 4614.49, 2840.24, 3213.50
156840.81, 6877.38, 6277.56, 5816.41, 3353.68, 4029.87
151765.86, 6697.07, 6129.24, 5651.39, 3285.10, 3918.03
159906.59, 6985.76, 6366.53, 5915.77, 3394.71, 4097.19
168167.50, 7275.84, 6603.97, 6182.35, 3503.83, 4277.65
190044.80, 8031.27, 7217.99, 6880.66, 3783.61, 4749.59
197969.25, 8300.70, 7435.56, 7131.07, 3881.96, 4918.57
229157.73, 9341.89, 8269.93, 8104.97, 4255.60, 5574.54
235980.89, 9565.93, 8448.21, 8315.75, 4334.76, 5716.27
248309.78, 9967.62, 8766.83, 8694.69, 4475.67, 5970.89
260793.94, 10370.48, 9085.09, 9076.02, 4615.72, 6226.86
270183.94, 10671.05, 9321.74, 9361.34, 4719.43, 6418.22
295227.56, 11463.11, 9942.20, 10116.36, 4989.66, 6924.01
298155.56, 11554.85, 10013.78, 10204.10, 5020.69, 6982.73
308338.59, 11872.57, 10261.26, 10508.41, 5127.73, 7186.32
308948.72, 11891.54, 10276.02, 10526.60, 5134.10, 7198.48
322057.41, 12297.45, 10591.17, 10916.41, 5269.87, 7459.06
328502.06, 12495.84, 10744.82, 11107.32, 5335.87, 7586.61
345897.03, 13027.63, 11155.51, 11620.31, 5511.64, 7929.09
309560.00, 11910.54, 10290.79, 10544.83, 5140.47, 7210.67
354247.94, 13281.09, 11350.65, 11865.43, 5594.85, 8092.62
336414.28, 12738.38, 10932.34, 11341.07, 5416.24, 7742.70
339769.41, 12840.90, 11011.50, 11439.98, 5450.11, 7808.74
345210.53, 13006.74, 11139.41, 11600.12, 5504.77, 7915.62
369373.00, 13737.26, 11700.94, 12307.56, 5743.74, 8387.40
370109.81, 13759.39, 11717.90, 12329.04, 5750.93, 8401.71
385175.72, 14210.05, 12062.76, 12767.10, 5896.89, 8693.53
394523.22, 14487.96, 12274.87, 13037.80, 5986.38, 8873.75
392164.41, 14417.95, 12221.47, 12969.57, 5963.87, 8828.33
399286.00, 14629.06, 12382.41, 13175.43, 6031.67, 8965.35
407358.34, 14867.49, 12563.90, 13408.22, 6107.98, 9120.22
370109.81, 13759.39, 11717.90, 12329.04, 5750.93, 8401.71
308948.72, 11891.54, 10276.02, 10526.60, 5134.10, 7198.48
173466.73, 7460.48, 6754.61, 6352.49, 3572.79, 4392.74
88478.53, 4331.18, 4140.53, 3524.55, 2340.73, 2469.10
44135.95, 2469.66, 2497.38, 1917.80, 1512.25, 1361.67
34900.18, 2043.05, 2105.53, 1561.64, 1304.89, 1113.82
26808.10, 1650.99, 1738.12, 1239.76, 1105.64, 888.76
26132.44, 1617.30, 1706.17, 1212.37, 1088.05, 869.55
23776.91, 1498.49, 1592.94, 1116.19, 1025.37, 802.03
22014.52, 1408.12, 1506.21, 1043.45, 976.95, 750.88
21711.75, 1392.45, 1491.12, 1030.88, 968.49, 742.03
21497.92, 1381.37, 1480.43, 1021.99, 962.49, 735.77
21797.84, 1396.91, 1495.42, 1034.46, 970.90, 744.55
22145.53, 1414.88, 1512.72, 1048.88, 980.60, 754.70
21243.99, 1368.17, 1467.70, 1011.42, 955.33, 728.33
21927.60, 1403.62, 1501.88, 1039.84, 974.53, 748.34
21540.51, 1383.58, 1482.56, 1023.76, 963.68, 737.02
21927.60, 1403.62, 1501.88, 1039.84, 974.53, 748.34
22677.00, 1442.24, 1539.02, 1070.88, 995.32, 770.17
22543.01, 1435.36, 1532.41, 1065.34, 991.62, 766.28
22766.77, 1446.85, 1543.45, 1074.58, 997.79, 772.78
21370.60, 1374.75, 1474.05, 1016.69, 958.90, 732.04
21159.99, 1363.80, 1463.48, 1007.92, 952.95, 725.87
19858.34, 1295.63, 1397.47, 953.45, 915.70, 687.48
18596.22, 1228.70, 1332.33, 900.21, 878.70, 649.92
17620.78, 1176.37, 1281.15, 858.76, 849.46, 620.63
15845.63, 1079.68, 1185.98, 782.56, 794.65, 566.72
15313.12, 1050.28, 1156.87, 759.50, 777.77, 550.39
14797.58, 1021.62, 1128.43, 737.08, 761.21, 534.49
15973.45, 1086.71, 1192.93, 788.08, 798.67, 570.63
15313.12, 1050.28, 1156.87, 759.50, 777.77, 550.39
19122.02, 1256.68, 1359.61, 922.45, 894.22, 665.61
21370.60, 1374.75, 1474.05, 1016.69, 958.90, 732.04
24059.78, 1512.87, 1606.69, 1127.80, 1033.02, 810.19
27446.68, 1682.68, 1768.12, 1265.56, 1122.11, 906.84
30685.99, 1841.35, 1917.49, 1395.33, 1203.57, 997.68
35794.09, 2085.21, 2144.60, 1596.59, 1325.79, 1138.19
38164.52, 2196.06, 2246.93, 1688.73, 1380.28, 1202.39
42955.93, 2416.19, 2448.66, 1872.86, 1486.73, 1330.45
46412.28, 2572.04, 2590.37, 2004.08, 1560.78, 1421.54
52215.16, 2828.82, 2821.98, 2221.70, 1680.66, 1572.33
52114.52, 2824.41, 2818.03, 2217.95, 1678.63, 1569.73
62947.77, 3289.87, 3232.74, 2616.52, 1890.06, 1845.07
70245.36, 3594.65, 3501.07, 2880.10, 2024.88, 2026.65
74848.53, 3783.74, 3666.40, 3044.59, 2107.24, 2139.77
81770.98, 4063.97, 3909.91, 3289.60, 2227.64, 2308.02
93913.77, 4544.85, 4323.92, 3713.29, 2430.05, 2598.34
99110.63, 4746.93, 4496.57, 3892.49, 2513.67, 2720.89
105405.09, 4988.98, 4702.42, 4107.96, 2612.80, 2868.10
110601.84, 5186.74, 4869.84, 4284.65, 2692.99, 2988.69
111887.05, 5235.36, 4910.92, 4328.19, 2712.60, 3018.38
123439.13, 5667.80, 5274.53, 4716.79, 2885.30, 3283.15
113843.09, 5309.17, 4973.18, 4394.33, 2742.29, 3063.48
136200.86, 6136.58, 5665.58, 5140.84, 3069.23, 3571.52
142112.25, 6350.83, 5843.29, 5335.55, 3152.24, 3703.76
150305.36, 6644.96, 6086.30, 5603.77, 3265.21, 3885.74
145727.27, 6481.00, 5950.97, 5454.13, 3202.38, 3784.23
160216.56, 6996.70, 6375.50, 5925.81, 3398.84, 4103.98
158059.88, 6920.52, 6312.99, 5855.95, 3370.03, 4056.66
164620.66, 7151.64, 6502.42, 6068.10, 3457.23, 4200.33
174479.28, 7495.63, 6783.25, 6384.92, 3585.87, 4414.67
177208.84, 7590.20, 6860.23, 6472.24, 3621.01, 4473.71
184584.41, 7844.37, 7066.63, 6707.35, 3714.96, 4632.57
209474.94, 8688.24, 7747.27, 7492.43, 4022.19, 5162.18
222104.00, 9108.93, 8084.09, 7886.24, 4172.84, 5427.37
214435.30, 8854.04, 7880.21, 7647.45, 4081.75, 5266.61
234141.23, 9505.65, 8400.28, 8258.99, 4313.50, 5678.11
224283.84, 9181.07, 8141.69, 7953.92, 4198.52, 5472.92
216115.52, 8910.04, 7925.05, 7699.86, 4101.81, 5301.90
195671.06, 8222.78, 7372.71, 7058.58, 3853.59, 4869.66
193024.50, 8132.83, 7300.09, 6974.96, 3820.77, 4813.25
137256.84, 6174.98, 5697.47, 5175.70, 3084.16, 3595.20
51217.22, 2785.07, 2782.67, 2184.50, 1660.42, 1546.57
14649.10, 1013.34, 1120.18, 730.60, 756.41, 529.90
7548.61, 593.16, 691.78, 409.00, 498.75, 300.46
6000.52, 492.79, 585.47, 334.58, 431.79, 246.88
5810.31, 480.14, 571.92, 325.28, 423.14, 240.17
5260.93, 443.12, 532.08, 298.20, 397.55, 220.60
5553.30, 462.91, 553.42, 312.65, 411.29, 231.05
4646.17, 400.80, 486.12, 267.48, 367.70, 198.35
4917.95, 419.64, 506.64, 281.12, 381.06, 208.24
5103.42, 432.37, 520.45, 290.38, 390.03, 214.94
5037.24, 427.84, 515.54, 287.08, 386.84, 212.55
5272.34, 443.90, 532.92, 298.77, 398.09, 221.01
5329.78, 447.80, 537.14, 301.61, 400.81, 223.07
6078.19, 497.94, 590.97, 338.37, 435.29, 249.62
5772.94, 477.64, 569.25, 323.45, 421.43, 238.85
6000.52, 492.79, 585.47, 334.58, 431.79, 246.88
5625.64, 467.77, 558.65, 316.22, 414.64, 233.63
6013.41, 493.65, 586.39, 335.21, 432.37, 247.34
4982.69, 424.09, 511.48, 284.36, 384.21, 210.58
5215.47, 440.02, 528.74, 295.95, 395.39, 218.97
5613.53, 466.96, 557.78, 315.62, 414.08, 233.19
5283.79, 444.67, 533.76, 299.34, 398.63, 221.42
6494.43, 525.30, 620.13, 358.56, 453.79, 264.17
7453.77, 587.14, 685.45, 404.50, 494.81, 297.23
7360.02, 581.17, 679.17, 400.04, 490.89, 294.03
7906.03, 615.75, 715.44, 425.89, 513.46, 312.60
8383.61, 645.62, 746.61, 448.32, 532.73, 328.69
8999.49, 683.67, 786.09, 477.01, 556.99, 349.24
9777.88, 731.05, 834.95, 512.93, 586.78, 374.94
10750.50, 789.24, 894.54, 557.30, 622.79, 406.63
11064.01, 807.78, 913.43, 571.50, 634.14, 416.76
12507.26, 891.88, 998.58, 636.22, 684.91, 462.86
14097.62, 982.41, 1089.37, 706.48, 738.39, 512.78
15813.83, 1077.93, 1184.25, 781.19, 793.64, 565.75
17515.45, 1170.69, 1275.58, 854.26, 846.26, 617.46
19779.56, 1291.47, 1393.44, 950.14, 913.42, 685.15
22543.01, 1435.36, 1532.41, 1065.34, 991.62, 766.28
27392.88, 1680.02, 1765.60, 1263.39, 1120.73, 905.32
30806.12, 1847.17, 1922.95, 1400.11, 1206.52, 1001.02
36425.95, 2114.89, 2172.05, 1621.22, 1340.44, 1155.36
41243.57, 2338.09, 2377.31, 1807.37, 1449.22, 1284.94
48898.07, 2682.75, 2690.50, 2097.70, 1612.78, 1486.45
46054.71, 2556.03, 2575.84, 1990.56, 1553.22, 1412.17
63190.62, 3300.12, 3241.80, 2625.35, 1894.64, 1851.16
69439.23, 3561.29, 3471.82, 2851.16, 2010.25, 2006.73
75862.94, 3825.11, 3702.45, 3080.66, 2125.14, 2164.56
87631.94, 4297.68, 4111.69, 3495.02, 2326.64, 2448.87
94821.25, 4580.29, 4354.25, 3744.67, 2444.77, 2619.81
120849.49, 5571.57, 5193.86, 4630.08, 2847.13, 3224.12
113187.26, 5284.45, 4952.34, 4372.17, 2732.36, 3048.37
120384.57, 5554.25, 5179.32, 4614.49, 2840.24, 3213.50
129286.21, 5883.69, 5455.00, 4911.72, 2970.41, 3415.78
137787.86, 6194.27, 5713.49, 5193.21, 3091.64, 3607.10
146291.69, 6501.26, 5967.72, 5472.61, 3210.16, 3796.77
152944.75, 6739.05, 6163.81, 5689.78, 3301.10, 3944.05
165259.69, 7174.05, 6520.76, 6088.71, 3465.65, 4214.28
170795.97, 7367.56, 6678.85, 6266.82, 3538.14, 4334.80
178590.09, 7637.95, 6899.06, 6516.36, 3638.71, 4503.53
184226.22, 7832.07, 7056.66, 6695.96, 3710.43, 4624.88
190414.56, 8043.89, 7228.20, 6892.37, 3788.23, 4757.50
191901.56, 8094.59, 7269.19, 6939.45, 3806.79, 4789.27
190044.80, 8031.27, 7217.99, 6880.66, 3783.61, 4749.59
202649.17, 8458.84, 7562.93, 7278.36, 3939.35, 5017.90
204632.88, 8525.66, 7616.68, 7340.67, 3963.53, 5059.90
178243.70, 7625.99, 6889.33, 6505.30, 3634.28, 4496.05
209883.94, 8701.94, 7758.27, 7505.23, 4027.12, 5170.80
223409.16, 9152.14, 8118.60, 7926.77, 4188.23, 5454.65
230957.02, 9401.09, 8317.08, 8160.62, 4276.56, 5611.97
213600.16, 8826.18, 7857.89, 7621.38, 4071.76, 5249.05
205431.86, 8552.54, 7638.28, 7365.74, 3973.24, 5076.80
174479.28, 7495.63, 6783.25, 6384.92, 3585.87, 4414.67
101620.73, 4843.80, 4579.08, 3978.61, 2553.47, 2779.76
31047.72, 1858.87, 1933.90, 1409.72, 1212.46, 1007.74
14327.39, 995.32, 1102.25, 716.54, 745.93, 519.92
8777.48, 670.01, 771.94, 466.70, 548.31, 341.86
5873.09, 484.32, 576.41, 328.35, 426.01, 242.39
4769.86, 409.40, 495.50, 273.70, 373.82, 202.86
4061.36, 359.53, 440.84, 237.77, 337.90, 176.78
3592.21, 325.60, 403.20, 213.56, 312.83, 159.15
3740.04, 336.38, 415.20, 221.23, 320.85, 164.74
3473.07, 316.85, 393.44, 207.35, 306.27, 154.63
3418.71, 312.83, 388.95, 204.51, 303.25, 152.55
3223.43, 298.32, 372.67, 194.25, 292.25, 145.06
3357.51, 308.30, 383.88, 201.30, 299.83, 150.21
3544.12, 322.07, 399.27, 211.06, 310.19, 157.33
3208.83, 297.23, 371.44, 193.48, 291.42, 144.50
3031.33, 283.88, 356.39, 184.08, 281.19, 137.63
2895.74, 273.57, 344.73, 176.85, 273.22, 132.35
2586.25, 249.70, 317.54, 160.20, 254.49, 120.15
3024.42, 283.35, 355.80, 183.71, 280.78, 137.36
3357.51, 308.30, 383.88, 201.30, 299.83, 150.21
3790.53, 340.04, 419.27, 223.84, 323.57, 166.64
4170.82, 367.34, 449.44, 243.37, 343.59, 180.85
4625.84, 399.39, 484.58, 266.45, 366.69, 197.61
2123.87, 212.98, 275.17, 134.84, 224.88, 101.51
1262.60, 139.93, 188.55, 85.54, 162.21, 65.05
1024.20, 118.17, 161.94, 71.23, 142.23, 54.38
962.32, 112.36, 154.77, 67.45, 136.77, 51.56
906.10, 107.03, 148.14, 63.99, 131.69, 48.97
908.48, 107.26, 148.42, 64.13, 131.91, 49.08
935.06, 109.79, 151.57, 65.77, 134.32, 50.31
855.01, 102.13, 142.02, 60.82, 126.98, 46.60
812.92, 98.05, 136.90, 58.19, 123.01, 44.63
812.92, 98.05, 136.90, 58.19, 123.01, 44.63
654.72, 82.32, 116.97, 48.15, 107.38, 37.08
602.66, 76.99, 110.14, 44.78, 101.93, 34.54
667.41, 83.61, 118.62, 48.97, 108.68, 37.70
644.01, 81.23, 115.58, 47.46, 106.27, 36.56
633.45, 80.16, 114.20, 46.78, 105.17, 36.05
651.13, 81.96, 116.51, 47.92, 107.01, 36.91
680.31, 84.91, 120.28, 49.79, 110.00, 38.32
693.42, 86.23, 121.96, 50.63, 111.32, 38.95
701.01, 86.99, 122.93, 51.12, 112.09, 39.32
682.17, 85.10, 120.52, 49.91, 110.18, 38.41
667.41, 83.61, 118.62, 48.97, 108.68, 37.70
660.13, 82.87, 117.67, 48.50, 107.93, 37.34
642.24, 81.05, 115.35, 47.35, 106.09, 36.48
611.08, 77.86, 111.25, 45.33, 102.82, 34.96
501.91, 66.42, 96.42, 38.16, 90.87, 29.54
463.18, 62.25, 90.95, 35.57, 86.40, 27.58
442.21, 59.96, 87.94, 34.16, 83.92, 26.51
451.28, 60.95, 89.25, 34.77, 85.00, 26.97
422.06, 57.74, 85.01, 32.79, 81.50, 25.47
418.37, 57.34, 84.47, 32.54, 81.05, 25.28
336.65, 48.11, 72.13, 26.90, 70.71, 20.99
250.07, 37.84, 58.11, 20.74, 58.66, 16.27
271.41, 40.42, 61.67, 22.28, 61.76, 17.45
273.97, 40.73, 62.09, 22.47, 62.12, 17.60
285.29, 42.09, 63.95, 23.28, 63.72, 18.22
300.69, 43.91, 66.44, 24.37, 65.86, 19.05
248.48, 37.64, 57.84, 20.63, 58.43, 16.19
270.56, 40.32, 61.53, 22.22, 61.64, 17.41
307.23, 44.68, 67.49, 24.84, 66.76, 19.41
356.49, 50.38, 75.19, 28.29, 73.30, 22.04
368.42, 51.74, 77.01, 29.11, 74.83, 22.67
423.30, 57.88, 85.19, 32.87, 81.65, 25.53
451.28, 60.95, 89.25, 34.77, 85.00, 26.97
503.34, 66.57, 96.62, 38.25, 91.03, 29.61
499.05, 66.11, 96.02, 37.97, 90.54, 29.39
479.45, 64.01, 93.27, 36.66, 88.29, 28.40
543.38, 70.82, 102.15, 40.90, 95.51, 31.62
451.28, 60.95, 89.25, 34.77, 85.00, 26.97
424.54, 58.02, 85.37, 32.96, 81.80, 25.60
414.71, 56.93, 83.93, 32.29, 80.60, 25.09
382.96, 53.38, 79.21, 30.12, 76.67, 23.44
367.32, 51.62, 76.84, 29.04, 74.69, 22.61
341.78, 48.70, 72.92, 27.26, 71.38, 21.26
329.58, 47.29, 71.02, 26.41, 69.77, 20.61
283.52, 41.87, 63.66, 23.15, 63.48, 18.12
273.11, 40.63, 61.95, 22.40, 62.00, 17.55
309.12, 44.90, 67.79, 24.97, 67.02, 19.51
250.07, 37.84, 58.11, 20.74, 58.66, 16.27
243.79, 37.07, 57.04, 20.29, 57.73, 15.92
244.57, 37.16, 57.17, 20.34, 57.85, 15.97
270.56, 40.32, 61.53, 22.22, 61.64, 17.41
249.27, 37.74, 57.97, 20.68, 58.54, 16.23
233.13, 35.75, 55.22, 19.51, 56.13, 15.33
231.63, 35.57, 54.96, 19.40, 55.91, 15.24
250.86, 37.93, 58.24, 20.80, 58.78, 16.32
281.77, 41.66, 63.37, 23.02, 63.23, 18.02
289.75, 42.62, 64.67, 23.59, 64.35, 18.46
311.98, 45.24, 68.24, 25.17, 67.41, 19.66
286.18, 42.19, 64.09, 23.34, 63.85, 18.26
261.38, 39.21, 60.00, 21.56, 60.31, 16.90
243.01, 36.97, 56.91, 20.23, 57.62, 15.88
258.10, 38.81, 59.46, 21.32, 59.84, 16.72
260.55, 39.11, 59.87, 21.50, 60.19, 16.86
188.59, 30.12, 47.33, 16.20, 49.13, 12.78
359.71, 50.75, 75.68, 28.51, 73.71, 22.21
304.41, 44.35, 67.04, 24.64, 66.37, 19.26
311.98, 45.24, 68.24, 25.17, 67.41, 19.66
334.62, 47.87, 71.81, 26.76, 70.44, 20.88
473.97, 63.42, 92.49, 36.29, 87.66, 28.13
315.82, 45.69, 68.85, 25.44, 67.93, 19.87
385.24, 53.64, 79.55, 30.27, 76.95, 23.55
378.43, 52.87, 78.53, 29.80, 76.10, 23.20
381.82, 53.26, 79.04, 30.04, 76.53, 23.38
381.82, 53.26, 79.04, 30.04, 76.53, 23.38
389.83, 54.16, 80.24, 30.59, 77.53, 23.79
393.30, 54.55, 80.76, 30.83, 77.96, 23.98
